634
784
243
686
449
222
403
747
394
367
451
132
797
201
30
153
555
466
505
585
564
554
151
120
273
795
864
865
24
360
586
382
413
287
232
633
629
276
582
950
740
127
798
259
787
254
282
706
736
946
793
520
955
353
791
428
480
96
356
77
251
308
380
822
859
109
653
680
949
547
408
438
43
551
86
263
770
75
890
692
161
710
927
21
177
973
995
401
56
799
38
147
190
643
448
106
607
374
332
530
562
368
595
467
619
195
671
458
66
699
919
372
172
593
137
755
581
989
673
205
974
288
526
198
182
393
659
546
742
796
74
958
484
965
557
129
905
266
857
500
598
620
145
963
299
363
501
549
828
34
468
32
752
42
489
622
962
908
840
152
255
589
993
538
569
126
802
707
171
441
17
726
734
767
944
900
836
22
352
397
426
122
223
700
291
574
318
536
494
541
618
495
227
696
921
463
639
383
184
174
304
870
808
544
947
656
63
701
70
759
76
429
651
216
580
930
472
745
395
497
733
432
405
99
417
385
721
178
879
236
637
592
914
268
113
837
992
224
892
583
12
856
271
579
482
57
173
203
677
873
294
435
804
459
810
281
270
916
399
324
511
95
481
486
416
983
289
465
990
149
794
661
513
202
107
257
69
142
300
27
141
667
424
473
590
430
548
504
957
229
842
855
918
213
292
697
550
771
433
739
442
479
603
73
347
814
559
351
596
93
490
528
817
678
641
388
621
214
623
84
893
889
167
851
703
533
125
980
1
365
675
552
358
746
246
444
712
114
647
714
674
881
423
267
531
801
212
306
570
665
917
327
253
982
421
850
834
398
329
226
994
65
197
717
159
768
487
230
523
220
83
409
346
219
601
269
807
862
189
960
763
535
345
719
15
422
369
970
233
427
880
991
525
445
847
51
150
829
100
279
373
883
779
852
642
612
105
608
532
498
41
31
646
576
493
89
922
898
790
594
176
474
333
878
830
750
937
507
336
188
225
124
956
624
565
488
11
571
10
514
49
684
849
860
509
823
715
443
420
45
283
766
778
491
4
88
875
952
168
154
964
496
591
454
241
577
187
877
754
245
774
687
53
777
941
407
305
575
821
386
297
344
319
249
611
537
819
604
475
827
845
662
517
170
265
502
277
912
295
499
335
52
39
381
938
156
998
508
977
290
102
888
28
191
782
339
25
895
789
775
108
29
971
175
685
854
163
115
542
614
402
1000
915
698
155
20
728
67
841
731
389
506
50
729
404
660
515
215
743
121
64
616
450
119
861
725
315
314
744
54
985
440
737
204
359
234
485
146
148
285
244
891
783
826
371
157
160
867
906
825
82
600
411
670
377
477
896
933
457
104
820
765
310
920
931
979
341
78
186
835
773
885
478
691
924
910
139
631
55
193
705
209
788
317
897
36
185
903
62
948
162
26
613
672
272
117
858
396
543
309
689
392
165
909
996
693
664
313
516
464
469
410
342
628
391
650
331
833
355
899
9
630
455
87
655
683
824
16
390
262
772
239
343
816
868
720
540
981
334
101
522
534
761
943
886
871
809
293
935
7
98
135
316
261
284
252
33
298
986
8
615
208
669
361
954
666
379
456
14
512
376
936
134
911
988
563
690
926
415
256
558
925
902
724
207
723
762
753
599
453
133
872
605
702
81
378
722
118
640
727
682
68
713
545
264
626
296
71
730
572
483
470
94
645
248
350
718
192
13
588
47
566
894
951
325
130
882
320
123
556
527
518
210
934
418
260
414
584
539
400
757
654
164
735
876
169
471
884
923
997
366
131
206
140
237
425
476
578
3
116
609
143
869
780
524
492
932
2
587
370
649
338
136
357
863
635
258
844
85
901
999
760
968
90
648
751
636
18
602
758
806
748
419
59
194
907
913
375
111
436
323
561
196
695
716
831
928
741
40
80
228
663
679
658
439
278
166
128
805
179
568
406
238
803
301
843
792
35
756
657
503
461
6
247
866
945
303
349
92
322
302
235
180
969
91
617
738
711
942
218
321
312
785
652
217
838
280
704
354
307
72
328
200
199
972
183
431
97
940
240
676
846
776
384
978
688
681
987
337
929
19
340
959
904
437
764
708
311
79
242
812
23
330
412
573
348
5
275
813
434
627
638
362
961
521
529
103
446
48
749
158
181
553
231
44
832
144
112
60
460
364
37
326
110
966
984
839
46
818
58
510
668
286
462
848
939
625
874
975
567
644
274
597
967
953
732
976
632
250
452
221
694
61
447
709
138
610
211
887
606
560
387
811
815
781
519
800
853
769
786
