47.410201174504664
-25.311806020952915
-58.183861640568765
4.242541322871247
-27.698096501679032
82.88067166635344
40.10473961062638
7.301409131709974
-71.58905277313987
8.782547141945557
-6.871096220037984
-10.59035558839065
-39.276307497639266
-3.707847603827858
30.97413826665968
-67.29321965261315
-40.39886508366229
-54.93145312855283
90.3947620255376
42.82525365378436
97.05669471914484
28.43420133977247
-37.08037003904585
-11.731601186188854
6.5767187870001464
52.49641710699461
-9.052981694822407
-69.3071518026525
-76.7621913581886
6.298296723775181
57.58661321073808
-8.683688769319332
97.94541940252071
-54.80713238994621
16.201987243653008
-80.82050204720153
-47.06147999322432
-51.733210349328765
62.05231688160612
53.74873970967445
55.27539285295441
-4.4771822156572085
61.12724544705753
7.353696047621881
50.8360093249116
21.663150830484142
-79.78575427995507
32.21234458503503
23.446634878782888
-79.3015522028449
-92.56691888014446
-17.6966867850239
-77.94726080027756
99.2401899920284
13.9173525059755
-67.89674574249196
-66.56347107339963
-93.7830866064134
-14.98173214296503
72.21504869267036
-31.20425216488485
-97.11247337642517
-56.64870471053245
66.17016698474723
-20.429284262247663
79.40789166729783
-23.798474081603032
23.19650261401624
21.226890781611957
-27.160459226157172
66.24890944295694
18.50074682984686
43.27051944070891
-3.6277490337459
-92.7301080140734
75.62218039159566
99.59529755674842
-49.33493084791394
65.41723064137977
-85.32742751249043
45.32823738858636
55.59307627206741
21.87517146652958
-34.215283501811
14.663283698375466
-85.67991133076309
64.13228343817269
-51.1501075080494
58.74149742016078
1.5003089587120684
-19.190131315335535
-71.36754619768013
63.45696849533783
-46.455372673099006
58.92886575130902
-31.39260066755365
64.13793465149041
-68.72972749762631
-17.30631292923053
-72.62523131932875
